v1	V(n004)
0.000000000000000e+000	8.600000e+000
1.000000000000000e-002	8.028302e+000
2.000000000000000e-002	7.994382e+000
3.000000000000000e-002	7.974852e+000
4.000000000000000e-002	7.960999e+000
5.000000000000000e-002	7.950208e+000
6.000000000000001e-002	7.941336e+000
7.000000000000001e-002	7.933780e+000
8.000000000000000e-002	7.927183e+000
9.000000000000000e-002	7.921317e+000
9.999999999999999e-002	7.916025e+000
1.100000000000000e-001	7.911198e+000
1.200000000000000e-001	7.906753e+000
1.300000000000000e-001	7.902629e+000
1.400000000000000e-001	7.898778e+000
1.500000000000000e-001	7.895162e+000
1.600000000000000e-001	7.891750e+000
1.700000000000000e-001	7.888518e+000
1.800000000000000e-001	7.885445e+000
1.900000000000000e-001	7.882513e+000
2.000000000000000e-001	7.879708e+000
2.100000000000001e-001	7.877017e+000
2.200000000000001e-001	7.874431e+000
2.300000000000001e-001	7.871939e+000
2.400000000000001e-001	7.869534e+000
2.500000000000001e-001	7.867200e+000
2.600000000000001e-001	7.864955e+000
2.700000000000001e-001	7.862770e+000
2.800000000000001e-001	7.860647e+000
2.900000000000001e-001	7.858582e+000
3.000000000000001e-001	7.856573e+000
3.100000000000001e-001	7.854613e+000
3.200000000000001e-001	7.852701e+000
3.300000000000001e-001	7.850834e+000
3.400000000000001e-001	7.849009e+000
3.500000000000001e-001	7.847222e+000
3.600000000000002e-001	7.845473e+000
3.700000000000002e-001	7.843760e+000
3.800000000000002e-001	7.842080e+000
3.900000000000002e-001	7.840431e+000
4.000000000000002e-001	7.838812e+000
4.100000000000002e-001	7.837222e+000
4.200000000000002e-001	7.835658e+000
4.300000000000002e-001	7.834121e+000
4.400000000000002e-001	7.832608e+000
4.500000000000002e-001	7.831119e+000
4.600000000000002e-001	7.829652e+000
4.700000000000003e-001	7.828207e+000
4.800000000000003e-001	7.826782e+000
4.900000000000003e-001	7.825377e+000
5.000000000000002e-001	7.823991e+000
5.100000000000002e-001	7.822623e+000
5.200000000000002e-001	7.821273e+000
5.300000000000003e-001	7.819939e+000
5.400000000000003e-001	7.818622e+000
5.500000000000003e-001	7.817320e+000
5.600000000000003e-001	7.816034e+000
5.700000000000003e-001	7.814762e+000
5.800000000000003e-001	7.813503e+000
5.900000000000003e-001	7.812259e+000
6.000000000000003e-001	7.811027e+000
6.100000000000003e-001	7.809808e+000
6.200000000000003e-001	7.808602e+000
6.300000000000003e-001	7.807407e+000
6.400000000000004e-001	7.806223e+000
6.500000000000004e-001	7.805051e+000
6.600000000000004e-001	7.803889e+000
6.700000000000004e-001	7.802738e+000
6.800000000000004e-001	7.801598e+000
6.900000000000004e-001	7.800466e+000
7.000000000000004e-001	7.799345e+000
7.100000000000004e-001	7.798232e+000
7.200000000000004e-001	7.797129e+000
7.300000000000004e-001	7.796034e+000
7.400000000000004e-001	7.794949e+000
7.500000000000004e-001	7.793871e+000
7.600000000000005e-001	7.792801e+000
7.700000000000005e-001	7.791739e+000
7.800000000000005e-001	7.790685e+000
7.900000000000005e-001	7.789639e+000
8.000000000000005e-001	7.788599e+000
8.100000000000005e-001	7.787567e+000
8.200000000000005e-001	7.786541e+000
8.300000000000005e-001	7.785523e+000
8.400000000000005e-001	7.784511e+000
8.500000000000005e-001	7.783505e+000
8.600000000000005e-001	7.782506e+000
8.700000000000006e-001	7.781513e+000
8.800000000000006e-001	7.780526e+000
8.900000000000006e-001	7.779545e+000
9.000000000000006e-001	7.778569e+000
9.100000000000006e-001	7.777599e+000
9.200000000000006e-001	7.776635e+000
9.300000000000006e-001	7.775676e+000
9.400000000000006e-001	7.774722e+000
9.500000000000006e-001	7.773773e+000
9.600000000000006e-001	7.772830e+000
9.700000000000006e-001	7.771891e+000
9.800000000000007e-001	7.770957e+000
9.900000000000007e-001	7.770028e+000
1.000000000000001e+000	7.769104e+000
1.010000000000001e+000	7.768183e+000
1.020000000000001e+000	7.767268e+000
1.030000000000001e+000	7.766357e+000
1.040000000000001e+000	7.765450e+000
1.050000000000001e+000	7.764547e+000
1.060000000000001e+000	7.763649e+000
1.070000000000001e+000	7.762754e+000
1.080000000000001e+000	7.761864e+000
1.090000000000001e+000	7.760977e+000
1.100000000000001e+000	7.760094e+000
1.110000000000001e+000	7.759215e+000
1.120000000000001e+000	7.758339e+000
1.130000000000001e+000	7.757468e+000
1.140000000000001e+000	7.756599e+000
1.150000000000001e+000	7.755735e+000
1.160000000000001e+000	7.754873e+000
1.170000000000001e+000	7.754015e+000
1.180000000000001e+000	7.753161e+000
1.190000000000001e+000	7.752310e+000
1.200000000000001e+000	7.751462e+000
1.210000000000001e+000	7.750617e+000
1.220000000000001e+000	7.749774e+000
1.230000000000001e+000	7.748936e+000
1.240000000000001e+000	7.748100e+000
1.250000000000001e+000	7.747267e+000
1.260000000000001e+000	7.746437e+000
1.270000000000001e+000	7.745610e+000
1.280000000000001e+000	7.744785e+000
1.290000000000001e+000	7.743964e+000
1.300000000000001e+000	7.743145e+000
1.310000000000001e+000	7.742329e+000
1.320000000000001e+000	7.741516e+000
1.330000000000001e+000	7.740705e+000
1.340000000000001e+000	7.739896e+000
1.350000000000001e+000	7.739090e+000
1.360000000000001e+000	7.738287e+000
1.370000000000001e+000	7.737486e+000
1.380000000000001e+000	7.736688e+000
1.390000000000001e+000	7.735892e+000
1.400000000000001e+000	7.735098e+000
1.410000000000001e+000	7.734307e+000
1.420000000000001e+000	7.733518e+000
1.430000000000001e+000	7.732731e+000
1.440000000000001e+000	7.731946e+000
1.450000000000001e+000	7.731164e+000
1.460000000000001e+000	7.730383e+000
1.470000000000001e+000	7.729606e+000
1.480000000000001e+000	7.728829e+000
1.490000000000001e+000	7.728055e+000
1.500000000000001e+000	7.727283e+000
1.510000000000001e+000	7.726513e+000
1.520000000000001e+000	7.725746e+000
1.530000000000001e+000	7.724980e+000
1.540000000000001e+000	7.724216e+000
1.550000000000001e+000	7.723454e+000
1.560000000000001e+000	7.723273e+000
1.570000000000001e+000	7.723273e+000
1.580000000000001e+000	7.723273e+000
1.590000000000001e+000	7.723273e+000
1.600000000000001e+000	7.723273e+000
1.610000000000001e+000	7.723273e+000
1.620000000000001e+000	7.723273e+000
1.630000000000001e+000	7.723273e+000
1.640000000000001e+000	7.723273e+000
1.650000000000001e+000	7.723273e+000
1.660000000000001e+000	7.723273e+000
1.670000000000001e+000	7.723273e+000
1.680000000000001e+000	7.723273e+000
1.690000000000001e+000	7.723273e+000
1.700000000000001e+000	7.723273e+000
1.710000000000001e+000	7.723273e+000
1.720000000000001e+000	7.723273e+000
1.730000000000001e+000	7.723273e+000
1.740000000000001e+000	7.723273e+000
1.750000000000001e+000	7.723273e+000
1.760000000000001e+000	7.723273e+000
1.770000000000001e+000	7.723273e+000
1.780000000000001e+000	7.723273e+000
1.790000000000001e+000	7.723273e+000
1.800000000000001e+000	7.723273e+000
1.810000000000001e+000	7.723273e+000
1.820000000000001e+000	7.723273e+000
1.830000000000001e+000	7.723273e+000
1.840000000000001e+000	7.723273e+000
1.850000000000001e+000	7.723273e+000
1.860000000000001e+000	7.723273e+000
1.870000000000001e+000	7.723273e+000
1.880000000000001e+000	7.723273e+000
1.890000000000002e+000	7.723273e+000
1.900000000000002e+000	7.723273e+000
1.910000000000002e+000	7.723273e+000
1.920000000000002e+000	7.723273e+000
1.930000000000002e+000	7.723273e+000
1.940000000000002e+000	7.723273e+000
1.950000000000002e+000	7.723273e+000
1.960000000000002e+000	7.723273e+000
1.970000000000002e+000	7.723273e+000
1.980000000000002e+000	7.723273e+000
1.990000000000002e+000	7.723273e+000
2.000000000000001e+000	7.723273e+000
2.010000000000001e+000	7.723273e+000
2.020000000000001e+000	7.723273e+000
2.030000000000001e+000	7.723273e+000
2.040000000000001e+000	7.723273e+000
2.050000000000000e+000	7.723273e+000
2.060000000000000e+000	7.723273e+000
2.070000000000000e+000	7.723273e+000
2.080000000000000e+000	7.723273e+000
2.089999999999999e+000	7.723273e+000
2.099999999999999e+000	7.723273e+000
2.109999999999999e+000	7.723273e+000
2.119999999999999e+000	7.723273e+000
2.129999999999999e+000	7.723273e+000
2.139999999999998e+000	7.723273e+000
2.149999999999998e+000	7.723273e+000
2.159999999999998e+000	7.723273e+000
2.169999999999998e+000	7.723273e+000
2.179999999999998e+000	7.723273e+000
2.189999999999997e+000	7.723273e+000
2.199999999999997e+000	7.723273e+000
2.209999999999997e+000	7.723273e+000
2.219999999999997e+000	7.723273e+000
2.229999999999996e+000	7.723274e+000
2.239999999999996e+000	7.723537e+000
2.249999999999996e+000	7.726330e+000
2.259999999999996e+000	7.730618e+000
2.269999999999996e+000	7.734729e+000
2.279999999999995e+000	7.735013e+000
2.289999999999995e+000	7.735190e+000
2.299999999999995e+000	7.735354e+000
2.309999999999995e+000	7.735519e+000
2.319999999999995e+000	7.735684e+000
2.329999999999994e+000	7.735850e+000
2.339999999999994e+000	7.736015e+000
2.349999999999994e+000	7.736180e+000
2.359999999999994e+000	7.736346e+000
2.369999999999993e+000	7.736511e+000
2.379999999999993e+000	7.736677e+000
2.389999999999993e+000	7.736843e+000
2.399999999999993e+000	7.737008e+000
2.409999999999993e+000	7.737174e+000
2.419999999999992e+000	7.737340e+000
2.429999999999992e+000	7.737506e+000
2.439999999999992e+000	7.737672e+000
2.449999999999992e+000	7.737839e+000
2.459999999999992e+000	7.738005e+000
2.469999999999991e+000	7.738172e+000
2.479999999999991e+000	7.738338e+000
2.489999999999991e+000	7.738505e+000
2.499999999999991e+000	7.738672e+000
2.509999999999991e+000	7.738839e+000
2.519999999999990e+000	7.739006e+000
2.529999999999990e+000	7.739173e+000
2.539999999999990e+000	7.739340e+000
2.549999999999990e+000	7.739507e+000
2.559999999999989e+000	7.739675e+000
2.569999999999989e+000	7.739842e+000
2.579999999999989e+000	7.740010e+000
2.589999999999989e+000	7.740178e+000
2.599999999999989e+000	7.740345e+000
2.609999999999988e+000	7.740513e+000
2.619999999999988e+000	7.740681e+000
2.629999999999988e+000	7.740849e+000
2.639999999999988e+000	7.741018e+000
2.649999999999988e+000	7.741186e+000
2.659999999999987e+000	7.741354e+000
2.669999999999987e+000	7.741523e+000
2.679999999999987e+000	7.741692e+000
2.689999999999987e+000	7.741860e+000
2.699999999999986e+000	7.742030e+000
2.709999999999986e+000	7.742198e+000
2.719999999999986e+000	7.742368e+000
2.729999999999986e+000	7.742537e+000
2.739999999999986e+000	7.742706e+000
2.749999999999985e+000	7.742876e+000
2.759999999999985e+000	7.743045e+000
2.769999999999985e+000	7.743215e+000
2.779999999999985e+000	7.743384e+000
2.789999999999985e+000	7.743555e+000
2.799999999999984e+000	7.743724e+000
2.809999999999984e+000	7.743895e+000
2.819999999999984e+000	7.744065e+000
2.829999999999984e+000	7.744235e+000
2.839999999999983e+000	7.744405e+000
2.849999999999983e+000	7.744576e+000
2.859999999999983e+000	7.744747e+000
2.869999999999983e+000	7.744917e+000
2.879999999999983e+000	7.745088e+000
2.889999999999982e+000	7.745259e+000
2.899999999999982e+000	7.745430e+000
2.909999999999982e+000	7.745602e+000
2.919999999999982e+000	7.745773e+000
2.929999999999982e+000	7.745944e+000
2.939999999999981e+000	7.746116e+000
2.949999999999981e+000	7.746288e+000
2.959999999999981e+000	7.746459e+000
2.969999999999981e+000	7.746631e+000
2.979999999999980e+000	7.746803e+000
2.989999999999980e+000	7.746975e+000
2.999999999999980e+000	7.747148e+000
3.009999999999980e+000	7.747320e+000
3.019999999999980e+000	7.747493e+000
3.029999999999979e+000	7.747665e+000
3.039999999999979e+000	7.747838e+000
3.049999999999979e+000	7.748011e+000
3.059999999999979e+000	7.748184e+000
3.069999999999979e+000	7.748357e+000
3.079999999999978e+000	7.748530e+000
3.089999999999978e+000	7.748703e+000
3.099999999999978e+000	7.748877e+000
3.109999999999978e+000	7.749051e+000
3.119999999999978e+000	7.749224e+000
3.129999999999977e+000	7.749398e+000
3.139999999999977e+000	7.749572e+000
3.149999999999977e+000	7.749746e+000
3.159999999999977e+000	7.749920e+000
3.169999999999976e+000	7.750095e+000
3.179999999999976e+000	7.750269e+000
3.189999999999976e+000	7.750444e+000
3.199999999999976e+000	7.750618e+000
3.209999999999976e+000	7.750793e+000
3.219999999999975e+000	7.750968e+000
3.229999999999975e+000	7.751143e+000
3.239999999999975e+000	7.751318e+000
3.249999999999975e+000	7.751494e+000
3.259999999999975e+000	7.751669e+000
3.269999999999974e+000	7.751845e+000
3.279999999999974e+000	7.752021e+000
3.289999999999974e+000	7.752197e+000
3.300000000000000e+000	7.752373e+000
