v1	I(D1)
0.000000000000000e+000	2.345542e-015
1.000000000000000e-002	7.522320e-004
2.000000000000000e-002	1.573859e-003
3.000000000000000e-002	2.396944e-003
4.000000000000000e-002	3.220606e-003
5.000000000000000e-002	4.044578e-003
6.000000000000001e-002	4.868744e-003
7.000000000000001e-002	5.693045e-003
8.000000000000000e-002	6.517442e-003
9.000000000000000e-002	7.341914e-003
9.999999999999999e-002	8.166444e-003
1.100000000000000e-001	8.991021e-003
1.200000000000000e-001	9.815637e-003
1.300000000000000e-001	1.064028e-002
1.400000000000000e-001	1.146496e-002
1.500000000000000e-001	1.228966e-002
1.600000000000000e-001	1.311438e-002
1.700000000000000e-001	1.393912e-002
1.800000000000000e-001	1.476388e-002
1.900000000000000e-001	1.558864e-002
2.000000000000000e-001	1.641343e-002
2.100000000000001e-001	1.723822e-002
2.200000000000001e-001	1.806303e-002
2.300000000000001e-001	1.888784e-002
2.400000000000001e-001	1.971266e-002
2.500000000000001e-001	2.053749e-002
2.600000000000001e-001	2.136233e-002
2.700000000000001e-001	2.218718e-002
2.800000000000001e-001	2.301203e-002
2.900000000000001e-001	2.383689e-002
3.000000000000001e-001	2.466175e-002
3.100000000000001e-001	2.548662e-002
3.200000000000001e-001	2.631149e-002
3.300000000000001e-001	2.713637e-002
3.400000000000001e-001	2.796125e-002
3.500000000000001e-001	2.878613e-002
3.600000000000002e-001	2.961102e-002
3.700000000000002e-001	3.043592e-002
3.800000000000002e-001	3.126081e-002
3.900000000000002e-001	3.208571e-002
4.000000000000002e-001	3.291062e-002
4.100000000000002e-001	3.373552e-002
4.200000000000002e-001	3.456043e-002
4.300000000000002e-001	3.538534e-002
4.400000000000002e-001	3.621025e-002
4.500000000000002e-001	3.703517e-002
4.600000000000002e-001	3.786009e-002
4.700000000000003e-001	3.868501e-002
4.800000000000003e-001	3.950993e-002
4.900000000000003e-001	4.033485e-002
5.000000000000002e-001	4.115978e-002
5.100000000000002e-001	4.198471e-002
5.200000000000002e-001	4.280964e-002
5.300000000000003e-001	4.363457e-002
5.400000000000003e-001	4.445950e-002
5.500000000000003e-001	4.528444e-002
5.600000000000003e-001	4.610937e-002
5.700000000000003e-001	4.693431e-002
5.800000000000003e-001	4.775925e-002
5.900000000000003e-001	4.858419e-002
6.000000000000003e-001	4.940913e-002
6.100000000000003e-001	5.023408e-002
6.200000000000003e-001	5.105902e-002
6.300000000000003e-001	5.188397e-002
6.400000000000004e-001	5.270891e-002
6.500000000000004e-001	5.353386e-002
6.600000000000004e-001	5.435881e-002
6.700000000000004e-001	5.518376e-002
6.800000000000004e-001	5.600871e-002
6.900000000000004e-001	5.683367e-002
7.000000000000004e-001	5.765862e-002
7.100000000000004e-001	5.848357e-002
7.200000000000004e-001	5.930853e-002
7.300000000000004e-001	6.013348e-002
7.400000000000004e-001	6.095844e-002
7.500000000000004e-001	6.178340e-002
7.600000000000005e-001	6.260835e-002
7.700000000000005e-001	6.343331e-002
7.800000000000005e-001	6.425828e-002
7.900000000000005e-001	6.508324e-002
8.000000000000005e-001	6.590819e-002
8.100000000000005e-001	6.673316e-002
8.200000000000005e-001	6.755812e-002
8.300000000000005e-001	6.838308e-002
8.400000000000005e-001	6.920805e-002
8.500000000000005e-001	7.003301e-002
8.600000000000005e-001	7.085798e-002
8.700000000000006e-001	7.168294e-002
8.800000000000006e-001	7.250791e-002
8.900000000000006e-001	7.333288e-002
9.000000000000006e-001	7.415785e-002
9.100000000000006e-001	7.498281e-002
9.200000000000006e-001	7.580779e-002
9.300000000000006e-001	7.663275e-002
9.400000000000006e-001	7.745773e-002
9.500000000000006e-001	7.828269e-002
9.600000000000006e-001	7.910766e-002
9.700000000000006e-001	7.993264e-002
9.800000000000007e-001	8.075761e-002
9.900000000000007e-001	8.158258e-002
1.000000000000001e+000	8.240756e-002
1.010000000000001e+000	8.323253e-002
1.020000000000001e+000	8.405750e-002
1.030000000000001e+000	8.488248e-002
1.040000000000001e+000	8.570746e-002
1.050000000000001e+000	8.653243e-002
1.060000000000001e+000	8.735740e-002
1.070000000000001e+000	8.818238e-002
1.080000000000001e+000	8.900736e-002
1.090000000000001e+000	8.983234e-002
1.100000000000001e+000	9.065731e-002
1.110000000000001e+000	9.148229e-002
1.120000000000001e+000	9.230727e-002
1.130000000000001e+000	9.313224e-002
1.140000000000001e+000	9.395722e-002
1.150000000000001e+000	9.478220e-002
1.160000000000001e+000	9.560718e-002
1.170000000000001e+000	9.643216e-002
1.180000000000001e+000	9.725714e-002
1.190000000000001e+000	9.808213e-002
1.200000000000001e+000	9.890711e-002
1.210000000000001e+000	9.973209e-002
1.220000000000001e+000	1.005571e-001
1.230000000000001e+000	1.013820e-001
1.240000000000001e+000	1.022070e-001
1.250000000000001e+000	1.030320e-001
1.260000000000001e+000	1.038570e-001
1.270000000000001e+000	1.046820e-001
1.280000000000001e+000	1.055070e-001
1.290000000000001e+000	1.063319e-001
1.300000000000001e+000	1.071569e-001
1.310000000000001e+000	1.079819e-001
1.320000000000001e+000	1.088069e-001
1.330000000000001e+000	1.096319e-001
1.340000000000001e+000	1.104569e-001
1.350000000000001e+000	1.112818e-001
1.360000000000001e+000	1.121068e-001
1.370000000000001e+000	1.129318e-001
1.380000000000001e+000	1.137568e-001
1.390000000000001e+000	1.145818e-001
1.400000000000001e+000	1.154068e-001
1.410000000000001e+000	1.162318e-001
1.420000000000001e+000	1.170568e-001
1.430000000000001e+000	1.178817e-001
1.440000000000001e+000	1.187067e-001
1.450000000000001e+000	1.195317e-001
1.460000000000001e+000	1.203567e-001
1.470000000000001e+000	1.211817e-001
1.480000000000001e+000	1.220067e-001
1.490000000000001e+000	1.228317e-001
1.500000000000001e+000	1.236567e-001
1.510000000000001e+000	1.244816e-001
1.520000000000001e+000	1.253066e-001
1.530000000000001e+000	1.261316e-001
1.540000000000001e+000	1.269566e-001
1.550000000000001e+000	1.277816e-001
1.560000000000001e+000	1.279770e-001
1.570000000000001e+000	1.279770e-001
1.580000000000001e+000	1.279771e-001
1.590000000000001e+000	1.279771e-001
1.600000000000001e+000	1.279771e-001
1.610000000000001e+000	1.279771e-001
1.620000000000001e+000	1.279771e-001
1.630000000000001e+000	1.279771e-001
1.640000000000001e+000	1.279771e-001
1.650000000000001e+000	1.279771e-001
1.660000000000001e+000	1.279771e-001
1.670000000000001e+000	1.279771e-001
1.680000000000001e+000	1.279771e-001
1.690000000000001e+000	1.279771e-001
1.700000000000001e+000	1.279771e-001
1.710000000000001e+000	1.279771e-001
1.720000000000001e+000	1.279771e-001
1.730000000000001e+000	1.279771e-001
1.740000000000001e+000	1.279771e-001
1.750000000000001e+000	1.279771e-001
1.760000000000001e+000	1.279771e-001
1.770000000000001e+000	1.279771e-001
1.780000000000001e+000	1.279771e-001
1.790000000000001e+000	1.279771e-001
1.800000000000001e+000	1.279771e-001
1.810000000000001e+000	1.279771e-001
1.820000000000001e+000	1.279771e-001
1.830000000000001e+000	1.279771e-001
1.840000000000001e+000	1.279771e-001
1.850000000000001e+000	1.279771e-001
1.860000000000001e+000	1.279771e-001
1.870000000000001e+000	1.279771e-001
1.880000000000001e+000	1.279771e-001
1.890000000000002e+000	1.279771e-001
1.900000000000002e+000	1.279771e-001
1.910000000000002e+000	1.279771e-001
1.920000000000002e+000	1.279771e-001
1.930000000000002e+000	1.279771e-001
1.940000000000002e+000	1.279771e-001
1.950000000000002e+000	1.279771e-001
1.960000000000002e+000	1.279771e-001
1.970000000000002e+000	1.279771e-001
1.980000000000002e+000	1.279771e-001
1.990000000000002e+000	1.279771e-001
2.000000000000001e+000	1.279771e-001
2.010000000000001e+000	1.279771e-001
2.020000000000001e+000	1.279771e-001
2.030000000000001e+000	1.279771e-001
2.040000000000001e+000	1.279771e-001
2.050000000000000e+000	1.279771e-001
2.060000000000000e+000	1.279771e-001
2.070000000000000e+000	1.279771e-001
2.080000000000000e+000	1.279771e-001
2.089999999999999e+000	1.279771e-001
2.099999999999999e+000	1.279771e-001
2.109999999999999e+000	1.279771e-001
2.119999999999999e+000	1.279771e-001
2.129999999999999e+000	1.279771e-001
2.139999999999998e+000	1.279771e-001
2.149999999999998e+000	1.279771e-001
2.159999999999998e+000	1.279771e-001
2.169999999999998e+000	1.279771e-001
2.179999999999998e+000	1.279771e-001
2.189999999999997e+000	1.279771e-001
2.199999999999997e+000	1.279771e-001
2.209999999999997e+000	1.279771e-001
2.219999999999997e+000	1.279771e-001
2.229999999999996e+000	1.279765e-001
2.239999999999996e+000	1.276912e-001
2.249999999999996e+000	1.246778e-001
2.259999999999996e+000	1.201085e-001
2.269999999999996e+000	1.157937e-001
2.279999999999995e+000	1.154830e-001
2.289999999999995e+000	1.153116e-001
2.299999999999995e+000	1.151401e-001
2.309999999999995e+000	1.149686e-001
2.319999999999995e+000	1.147972e-001
2.329999999999994e+000	1.146257e-001
2.339999999999994e+000	1.144542e-001
2.349999999999994e+000	1.142828e-001
2.359999999999994e+000	1.141113e-001
2.369999999999993e+000	1.139399e-001
2.379999999999993e+000	1.137685e-001
2.389999999999993e+000	1.135970e-001
2.399999999999993e+000	1.134256e-001
2.409999999999993e+000	1.132542e-001
2.419999999999992e+000	1.130828e-001
2.429999999999992e+000	1.129114e-001
2.439999999999992e+000	1.127400e-001
2.449999999999992e+000	1.125686e-001
2.459999999999992e+000	1.123972e-001
2.469999999999991e+000	1.122258e-001
2.479999999999991e+000	1.120544e-001
2.489999999999991e+000	1.118830e-001
2.499999999999991e+000	1.117116e-001
2.509999999999991e+000	1.115403e-001
2.519999999999990e+000	1.113689e-001
2.529999999999990e+000	1.111976e-001
2.539999999999990e+000	1.110262e-001
2.549999999999990e+000	1.108549e-001
2.559999999999989e+000	1.106835e-001
2.569999999999989e+000	1.105122e-001
2.579999999999989e+000	1.103409e-001
2.589999999999989e+000	1.101695e-001
2.599999999999989e+000	1.099982e-001
2.609999999999988e+000	1.098269e-001
2.619999999999988e+000	1.096556e-001
2.629999999999988e+000	1.094843e-001
2.639999999999988e+000	1.093130e-001
2.649999999999988e+000	1.091417e-001
2.659999999999987e+000	1.089704e-001
2.669999999999987e+000	1.087992e-001
2.679999999999987e+000	1.086279e-001
2.689999999999987e+000	1.084566e-001
2.699999999999986e+000	1.082854e-001
2.709999999999986e+000	1.081141e-001
2.719999999999986e+000	1.079428e-001
2.729999999999986e+000	1.077716e-001
2.739999999999986e+000	1.076004e-001
2.749999999999985e+000	1.074291e-001
2.759999999999985e+000	1.072579e-001
2.769999999999985e+000	1.070867e-001
2.779999999999985e+000	1.069155e-001
2.789999999999985e+000	1.067443e-001
2.799999999999984e+000	1.065731e-001
2.809999999999984e+000	1.064019e-001
2.819999999999984e+000	1.062307e-001
2.829999999999984e+000	1.060595e-001
2.839999999999983e+000	1.058883e-001
2.849999999999983e+000	1.057171e-001
2.859999999999983e+000	1.055460e-001
2.869999999999983e+000	1.053748e-001
2.879999999999983e+000	1.052037e-001
2.889999999999982e+000	1.050325e-001
2.899999999999982e+000	1.048614e-001
2.909999999999982e+000	1.046902e-001
2.919999999999982e+000	1.045191e-001
2.929999999999982e+000	1.043480e-001
2.939999999999981e+000	1.041768e-001
2.949999999999981e+000	1.040057e-001
2.959999999999981e+000	1.038346e-001
2.969999999999981e+000	1.036635e-001
2.979999999999980e+000	1.034924e-001
2.989999999999980e+000	1.033213e-001
2.999999999999980e+000	1.031503e-001
3.009999999999980e+000	1.029792e-001
3.019999999999980e+000	1.028081e-001
3.029999999999979e+000	1.026371e-001
3.039999999999979e+000	1.024660e-001
3.049999999999979e+000	1.022950e-001
3.059999999999979e+000	1.021239e-001
3.069999999999979e+000	1.019529e-001
3.079999999999978e+000	1.017818e-001
3.089999999999978e+000	1.016108e-001
3.099999999999978e+000	1.014398e-001
3.109999999999978e+000	1.012688e-001
3.119999999999978e+000	1.010978e-001
3.129999999999977e+000	1.009268e-001
3.139999999999977e+000	1.007558e-001
3.149999999999977e+000	1.005848e-001
3.159999999999977e+000	1.004138e-001
3.169999999999976e+000	1.002429e-001
3.179999999999976e+000	1.000719e-001
3.189999999999976e+000	9.990094e-002
3.199999999999976e+000	9.972998e-002
3.209999999999976e+000	9.955904e-002
3.219999999999975e+000	9.938810e-002
3.229999999999975e+000	9.921717e-002
3.239999999999975e+000	9.904625e-002
3.249999999999975e+000	9.887533e-002
3.259999999999975e+000	9.870442e-002
3.269999999999974e+000	9.853352e-002
3.279999999999974e+000	9.836262e-002
3.289999999999974e+000	9.819173e-002
3.300000000000000e+000	9.802084e-002
