v1	V(n004)
0.000000000000000e+000	3.300000e+000
1.000000000000000e-002	2.728302e+000
2.000000000000000e-002	2.694382e+000
3.000000000000000e-002	2.674852e+000
4.000000000000000e-002	2.660999e+000
5.000000000000000e-002	2.650208e+000
6.000000000000001e-002	2.641335e+000
7.000000000000001e-002	2.633780e+000
8.000000000000000e-002	2.627183e+000
9.000000000000000e-002	2.621317e+000
9.999999999999999e-002	2.616025e+000
1.100000000000000e-001	2.611198e+000
1.200000000000000e-001	2.606753e+000
1.300000000000000e-001	2.602629e+000
1.400000000000000e-001	2.598778e+000
1.500000000000000e-001	2.595162e+000
1.600000000000000e-001	2.591750e+000
1.700000000000000e-001	2.588518e+000
1.800000000000000e-001	2.585444e+000
1.900000000000000e-001	2.582513e+000
2.000000000000000e-001	2.579708e+000
2.100000000000001e-001	2.577018e+000
2.200000000000001e-001	2.574431e+000
2.300000000000001e-001	2.571939e+000
2.400000000000001e-001	2.569534e+000
2.500000000000001e-001	2.567208e+000
2.600000000000001e-001	2.564955e+000
2.700000000000001e-001	2.562770e+000
2.800000000000001e-001	2.560647e+000
2.900000000000001e-001	2.558583e+000
3.000000000000001e-001	2.556573e+000
3.100000000000001e-001	2.554613e+000
3.200000000000001e-001	2.552701e+000
3.300000000000001e-001	2.550834e+000
3.400000000000001e-001	2.549008e+000
3.500000000000001e-001	2.547222e+000
3.600000000000002e-001	2.545474e+000
3.700000000000002e-001	2.543760e+000
3.800000000000002e-001	2.542079e+000
3.900000000000002e-001	2.540431e+000
4.000000000000002e-001	2.538812e+000
4.100000000000002e-001	2.537221e+000
4.200000000000002e-001	2.535658e+000
4.300000000000002e-001	2.534121e+000
4.400000000000002e-001	2.532608e+000
4.500000000000002e-001	2.531119e+000
4.600000000000002e-001	2.529652e+000
4.700000000000003e-001	2.528206e+000
4.800000000000003e-001	2.526782e+000
4.900000000000003e-001	2.525377e+000
5.000000000000002e-001	2.523991e+000
5.100000000000002e-001	2.522623e+000
5.200000000000002e-001	2.521273e+000
5.300000000000003e-001	2.519939e+000
5.400000000000003e-001	2.518622e+000
5.500000000000003e-001	2.517320e+000
5.600000000000003e-001	2.516034e+000
5.700000000000003e-001	2.514761e+000
5.800000000000003e-001	2.513503e+000
5.900000000000003e-001	2.512259e+000
6.000000000000003e-001	2.511027e+000
6.100000000000003e-001	2.509808e+000
6.200000000000003e-001	2.508602e+000
6.300000000000003e-001	2.507407e+000
6.400000000000004e-001	2.506223e+000
6.500000000000004e-001	2.505051e+000
6.600000000000004e-001	2.503890e+000
6.700000000000004e-001	2.502738e+000
6.800000000000004e-001	2.501597e+000
6.900000000000004e-001	2.500466e+000
7.000000000000004e-001	2.499345e+000
7.100000000000004e-001	2.498232e+000
7.200000000000004e-001	2.497129e+000
7.300000000000004e-001	2.496034e+000
7.400000000000004e-001	2.494948e+000
7.500000000000004e-001	2.493871e+000
7.600000000000005e-001	2.492801e+000
7.700000000000005e-001	2.491739e+000
7.800000000000005e-001	2.490685e+000
7.900000000000005e-001	2.489639e+000
8.000000000000005e-001	2.488599e+000
8.100000000000005e-001	2.487567e+000
8.200000000000005e-001	2.486542e+000
8.300000000000005e-001	2.485523e+000
8.400000000000005e-001	2.484511e+000
8.500000000000005e-001	2.483505e+000
8.600000000000005e-001	2.482506e+000
8.700000000000006e-001	2.481513e+000
8.800000000000006e-001	2.480526e+000
8.900000000000006e-001	2.479545e+000
9.000000000000006e-001	2.478569e+000
9.100000000000006e-001	2.477599e+000
9.200000000000006e-001	2.476635e+000
9.300000000000006e-001	2.475676e+000
9.400000000000006e-001	2.474722e+000
9.500000000000006e-001	2.473773e+000
9.600000000000006e-001	2.472830e+000
9.700000000000006e-001	2.471891e+000
9.800000000000007e-001	2.470957e+000
9.900000000000007e-001	2.470028e+000
1.000000000000001e+000	2.469103e+000
1.010000000000001e+000	2.468184e+000
1.020000000000001e+000	2.467268e+000
1.030000000000001e+000	2.466357e+000
1.040000000000001e+000	2.465450e+000
1.050000000000001e+000	2.464547e+000
1.060000000000001e+000	2.463649e+000
1.070000000000001e+000	2.462754e+000
1.080000000000001e+000	2.461864e+000
1.090000000000001e+000	2.460977e+000
1.100000000000001e+000	2.460094e+000
1.110000000000001e+000	2.459215e+000
1.120000000000001e+000	2.458339e+000
1.130000000000001e+000	2.457468e+000
1.140000000000001e+000	2.456599e+000
1.150000000000001e+000	2.455735e+000
1.160000000000001e+000	2.454874e+000
1.170000000000001e+000	2.454015e+000
1.180000000000001e+000	2.453161e+000
1.190000000000001e+000	2.452310e+000
1.200000000000001e+000	2.451461e+000
1.210000000000001e+000	2.450616e+000
1.220000000000001e+000	2.449775e+000
1.230000000000001e+000	2.448936e+000
1.240000000000001e+000	2.448100e+000
1.250000000000001e+000	2.447267e+000
1.260000000000001e+000	2.446437e+000
1.270000000000001e+000	2.445610e+000
1.280000000000001e+000	2.444786e+000
1.290000000000001e+000	2.443964e+000
1.300000000000001e+000	2.443145e+000
1.310000000000001e+000	2.442329e+000
1.320000000000001e+000	2.441515e+000
1.330000000000001e+000	2.440705e+000
1.340000000000001e+000	2.439896e+000
1.350000000000001e+000	2.439090e+000
1.360000000000001e+000	2.438287e+000
1.370000000000001e+000	2.437486e+000
1.380000000000001e+000	2.436688e+000
1.390000000000001e+000	2.435892e+000
1.400000000000001e+000	2.435098e+000
1.410000000000001e+000	2.434307e+000
1.420000000000001e+000	2.433518e+000
1.430000000000001e+000	2.432731e+000
1.440000000000001e+000	2.431946e+000
1.450000000000001e+000	2.431164e+000
1.460000000000001e+000	2.430384e+000
1.470000000000001e+000	2.429605e+000
1.480000000000001e+000	2.428829e+000
1.490000000000001e+000	2.428056e+000
1.500000000000001e+000	2.427284e+000
1.510000000000001e+000	2.426514e+000
1.520000000000001e+000	2.425746e+000
1.530000000000001e+000	2.424980e+000
1.540000000000001e+000	2.424216e+000
1.550000000000001e+000	2.423454e+000
1.560000000000001e+000	2.423273e+000
1.570000000000001e+000	2.423273e+000
1.580000000000001e+000	2.423273e+000
1.590000000000001e+000	2.423273e+000
1.600000000000001e+000	2.423273e+000
1.610000000000001e+000	2.423273e+000
1.620000000000001e+000	2.423273e+000
1.630000000000001e+000	2.423273e+000
1.640000000000001e+000	2.423273e+000
1.650000000000001e+000	2.423273e+000
1.660000000000001e+000	2.423273e+000
1.670000000000001e+000	2.423273e+000
1.680000000000001e+000	2.423273e+000
1.690000000000001e+000	2.423273e+000
1.700000000000001e+000	2.423273e+000
1.710000000000001e+000	2.423273e+000
1.720000000000001e+000	2.423273e+000
1.730000000000001e+000	2.423273e+000
1.740000000000001e+000	2.423273e+000
1.750000000000001e+000	2.423273e+000
1.760000000000001e+000	2.423273e+000
1.770000000000001e+000	2.423273e+000
1.780000000000001e+000	2.423273e+000
1.790000000000001e+000	2.423273e+000
1.800000000000001e+000	2.423273e+000
1.810000000000001e+000	2.423273e+000
1.820000000000001e+000	2.423273e+000
1.830000000000001e+000	2.423273e+000
1.840000000000001e+000	2.423273e+000
1.850000000000001e+000	2.423273e+000
1.860000000000001e+000	2.423273e+000
1.870000000000001e+000	2.423273e+000
1.880000000000001e+000	2.423273e+000
1.890000000000002e+000	2.423273e+000
1.900000000000002e+000	2.423273e+000
1.910000000000002e+000	2.423273e+000
1.920000000000002e+000	2.423273e+000
1.930000000000002e+000	2.423273e+000
1.940000000000002e+000	2.423273e+000
1.950000000000002e+000	2.423273e+000
1.960000000000002e+000	2.423273e+000
1.970000000000002e+000	2.423273e+000
1.980000000000002e+000	2.423273e+000
1.990000000000002e+000	2.423273e+000
2.000000000000001e+000	2.423273e+000
2.010000000000001e+000	2.423273e+000
2.020000000000001e+000	2.423273e+000
2.030000000000001e+000	2.423273e+000
2.040000000000001e+000	2.423273e+000
2.050000000000000e+000	2.423273e+000
2.060000000000000e+000	2.423273e+000
2.070000000000000e+000	2.423273e+000
2.080000000000000e+000	2.423273e+000
2.089999999999999e+000	2.423273e+000
2.099999999999999e+000	2.423273e+000
2.109999999999999e+000	2.423273e+000
2.119999999999999e+000	2.423273e+000
2.129999999999999e+000	2.423273e+000
2.139999999999998e+000	2.423273e+000
2.149999999999998e+000	2.423273e+000
2.159999999999998e+000	2.423273e+000
2.169999999999998e+000	2.423273e+000
2.179999999999998e+000	2.423273e+000
2.189999999999997e+000	2.423273e+000
2.199999999999997e+000	2.423273e+000
2.209999999999997e+000	2.423273e+000
2.219999999999997e+000	2.423273e+000
2.229999999999996e+000	2.423274e+000
2.239999999999996e+000	2.423537e+000
2.249999999999996e+000	2.426331e+000
2.259999999999996e+000	2.430618e+000
2.269999999999996e+000	2.434729e+000
2.279999999999995e+000	2.435025e+000
2.289999999999995e+000	2.435190e+000
2.299999999999995e+000	2.435354e+000
2.309999999999995e+000	2.435519e+000
2.319999999999995e+000	2.435684e+000
2.329999999999994e+000	2.435850e+000
2.339999999999994e+000	2.436015e+000
2.349999999999994e+000	2.436180e+000
2.359999999999994e+000	2.436346e+000
2.369999999999993e+000	2.436511e+000
2.379999999999993e+000	2.436677e+000
2.389999999999993e+000	2.436842e+000
2.399999999999993e+000	2.437008e+000
2.409999999999993e+000	2.437174e+000
2.419999999999992e+000	2.437340e+000
2.429999999999992e+000	2.437506e+000
2.439999999999992e+000	2.437672e+000
2.449999999999992e+000	2.437839e+000
2.459999999999992e+000	2.438005e+000
2.469999999999991e+000	2.438172e+000
2.479999999999991e+000	2.438338e+000
2.489999999999991e+000	2.438505e+000
2.499999999999991e+000	2.438672e+000
2.509999999999991e+000	2.438839e+000
2.519999999999990e+000	2.439006e+000
2.529999999999990e+000	2.439173e+000
2.539999999999990e+000	2.439340e+000
2.549999999999990e+000	2.439507e+000
2.559999999999989e+000	2.439675e+000
2.569999999999989e+000	2.439842e+000
2.579999999999989e+000	2.440010e+000
2.589999999999989e+000	2.440178e+000
2.599999999999989e+000	2.440346e+000
2.609999999999988e+000	2.440513e+000
2.619999999999988e+000	2.440681e+000
2.629999999999988e+000	2.440850e+000
2.639999999999988e+000	2.441018e+000
2.649999999999988e+000	2.441186e+000
2.659999999999987e+000	2.441355e+000
2.669999999999987e+000	2.441523e+000
2.679999999999987e+000	2.441692e+000
2.689999999999987e+000	2.441861e+000
2.699999999999986e+000	2.442029e+000
2.709999999999986e+000	2.442199e+000
2.719999999999986e+000	2.442368e+000
2.729999999999986e+000	2.442537e+000
2.739999999999986e+000	2.442706e+000
2.749999999999985e+000	2.442876e+000
2.759999999999985e+000	2.443045e+000
2.769999999999985e+000	2.443215e+000
2.779999999999985e+000	2.443385e+000
2.789999999999985e+000	2.443554e+000
2.799999999999984e+000	2.443724e+000
2.809999999999984e+000	2.443894e+000
2.819999999999984e+000	2.444065e+000
2.829999999999984e+000	2.444235e+000
2.839999999999983e+000	2.444405e+000
2.849999999999983e+000	2.444576e+000
2.859999999999983e+000	2.444747e+000
2.869999999999983e+000	2.444917e+000
2.879999999999983e+000	2.445088e+000
2.889999999999982e+000	2.445259e+000
2.899999999999982e+000	2.445430e+000
2.909999999999982e+000	2.445602e+000
2.919999999999982e+000	2.445773e+000
2.929999999999982e+000	2.445944e+000
2.939999999999981e+000	2.446116e+000
2.949999999999981e+000	2.446288e+000
2.959999999999981e+000	2.446460e+000
2.969999999999981e+000	2.446631e+000
2.979999999999980e+000	2.446803e+000
2.989999999999980e+000	2.446975e+000
2.999999999999980e+000	2.447148e+000
3.009999999999980e+000	2.447320e+000
3.019999999999980e+000	2.447493e+000
3.029999999999979e+000	2.447665e+000
3.039999999999979e+000	2.447838e+000
3.049999999999979e+000	2.448011e+000
3.059999999999979e+000	2.448184e+000
3.069999999999979e+000	2.448357e+000
3.079999999999978e+000	2.448530e+000
3.089999999999978e+000	2.448704e+000
3.099999999999978e+000	2.448877e+000
3.109999999999978e+000	2.449051e+000
3.119999999999978e+000	2.449224e+000
3.129999999999977e+000	2.449398e+000
3.139999999999977e+000	2.449572e+000
3.149999999999977e+000	2.449746e+000
3.159999999999977e+000	2.449920e+000
3.169999999999976e+000	2.450095e+000
3.179999999999976e+000	2.450269e+000
3.189999999999976e+000	2.450444e+000
3.199999999999976e+000	2.450619e+000
3.209999999999976e+000	2.450794e+000
3.219999999999975e+000	2.450968e+000
3.229999999999975e+000	2.451144e+000
3.239999999999975e+000	2.451319e+000
3.249999999999975e+000	2.451494e+000
3.259999999999975e+000	2.451669e+000
3.269999999999974e+000	2.451845e+000
3.279999999999974e+000	2.452021e+000
3.289999999999974e+000	2.452197e+000
3.300000000000000e+000	2.452373e+000
